import Plot from "react-plotly.js";
import { useState, useEffect, useRef } from "react";
import axios from "axios";
import { values } from "@fluentui/react";
// let depth be an array with the input

function CheapGraph() {
  const colors = ["red", "blue", "green", "yellow"];
  const datas = [
    {
      x: [
        300, 350, 400, 450, 500, 550, 600, 650, 700, 750, 800, 850, 900, 950,
        1000, 1050, 1100, 1150, 1200, 1250, 1300, 1350, 1400, 1450, 1500, 1550,
        1600, 1650, 1700, 1750, 1800, 1850, 1900, 1950, 2000, 2050, 2100, 2150,
        2200, 2250, 2300, 2350, 2400, 2450, 2500, 2550, 2600, 2650, 2700, 2750,
        2800, 2850, 2900, 2950, 3000, 3050, 3100, 3150, 3200, 3250, 3300, 3350,
        3400, 3450, 3500, 3550, 3600, 3650, 3700, 3750, 3800, 3850, 3900, 3950,
        4000, 4050, 4100, 4150, 4200, 4250, 4300, 4350, 4400, 4450, 4500, 4550,
        4600, 4650, 4700, 4750, 4800, 4850, 4900, 4950, 5000, 5050, 5100, 5150,
        5200, 5250, 5300, 5350, 5400, 5450, 5500, 5550, 5600, 5650, 5700, 5750,
        5800, 5850, 5900, 5950, 6000, 6050, 6100, 6150, 6200, 6250, 6300, 6350,
        6400, 6450, 6500, 6550, 6600, 6650, 6700, 6750, 6800, 6850, 6900, 6950,
        7000, 7050, 7100, 7150, 7200, 7250, 7300, 7350, 7400, 7450, 7500, 7550,
        7600, 7650, 7700, 7750, 7800, 7850, 7900, 7950, 8000, 8050, 8100, 8150,
        8200, 8250, 8300, 8350, 8400, 8450, 8500, 8550, 8600, 8650, 8700, 8750,
        8800, 8850, 8900, 8950, 9000, 9050, 9100, 9150, 9200, 9250, 9300, 9350,
        9400, 9450, 9500, 9550, 9600, 9650, 9700, 9750, 9800, 9850, 9900, 9950,
        10000, 10050, 10100, 10150, 10200, 10250, 10300, 10350, 10400, 10450,
        10500, 10550, 10600, 10650, 10700, 10750, 10800, 10850, 10900, 10950,
        11000, 11050, 11100, 11150, 11200, 11250, 11300, 11350, 11400, 11450,
        11500, 11550, 11600, 11650, 11700, 11750, 11800, 11850, 11900, 11950,
        12000, 12050, 12100, 12150, 12200, 12250, 12300, 12350, 12400, 12450,
        12500, 12550, 12600, 12650, 12700, 12750, 12800, 12850, 12900, 12950,
        13000, 13050, 13100, 13150, 13200, 13250, 13300, 13350, 13400, 13450,
        13500, 13550, 13600, 13650, 13700, 13750, 13800, 13850, 13900, 13950,
        14000, 14050, 14100, 14150, 14200, 14250, 14300, 14350, 14400, 14450,
        14500, 14550, 14600, 14650, 14700, 14750, 14800, 14850, 14900, 14950,
        15000, 15050, 15100, 15150, 15200, 15250, 15300, 15350, 15400, 15450,
        15500, 15550, 15600, 15650, 15700, 15750, 15800, 15850, 15900, 15950,
        16000, 16050, 16100, 16150, 16200, 16250, 16300, 16350, 16400, 16450,
        16500, 16550, 16600, 16650, 16700, 16750, 16800, 16850, 16900, 16950,
        17000, 17050, 17100, 17150, 17200, 17250, 17300, 17350, 17400, 17450,
        17500, 17550, 17600, 17650, 17700, 17750, 17800, 17850, 17900, 17950,
        18000, 18050, 18100, 18150, 18200, 18250, 18300, 18350, 18400, 18450,
        18500, 18550, 18600, 18650, 18700, 18750, 18800, 18850, 18900, 18950,
        19000,
      ],
      y: [
        1.0811237018237427, 1.0752643773461203, 1.0698254543452006,
        1.0648209012936907, 1.0602495685753108, 1.056090211366733,
        1.0522985566312888, 1.048816849232092, 1.0455796507734563,
        1.0425170716724708, 1.0395507627406906, 1.0366012470839114,
        1.0335919071942201, 1.0304518287302238, 1.02712301664169,
        1.023583034144921, 1.0199318484356896, 1.0167205390560876,
        1.015720415870506, 1.0185463769402887, 1.0223097829813315,
        1.0267514826855275, 1.0314385604282588, 1.035860442103375,
        1.0396092070256304, 1.0425094257609027, 1.0444952025832495,
        1.045508480418525, 1.0456084592488655, 1.0448998094077182,
        1.0434964635753368, 1.04134972472373, 1.0382462476971535,
        1.0338599509436837, 1.0278343217649542, 1.0202351569447663,
        1.0116638894330103, 1.0027680942118087, 0.9939089725219862,
        0.9851905662128325, 0.9767328614864633, 0.9688311780202353,
        0.9619426202059325, 0.9563216848111565, 0.952046824441547,
        0.9489281522940146, 0.9465838031908766, 0.9444592425283357,
        0.942064232860456, 0.9391212783140293, 0.9355766320147271,
        0.9315713111046481, 0.9274048807693729, 0.9233932895330954,
        0.9198548218708692, 0.9171350657688194, 0.9154694521189056,
        0.9148473213300125, 0.9151632384850572, 0.9162507760383497,
        0.9179378195192894, 0.9200681554847057, 0.9225467998952211,
        0.925277169484931, 0.9280973242758559, 0.9307043875816681,
        0.9330713018653053, 0.9354394822018643, 0.9380348166888263,
        0.9410345719802863, 0.944469166994123, 0.9482368655949982,
        0.9521770286586608, 0.9559156516854431, 0.9587659919250925,
        0.9599238965532493, 0.9590638382705837, 0.9567913777364511,
        0.9541985383333929, 0.9522864730351991, 0.9517465351372801,
        0.9525815322164918, 0.9542390565010542, 0.9563217574534153,
        0.9588882609081912, 0.9620500291845038, 0.9654871715709837,
        0.9686506592140007, 0.9711697043008138, 0.9727830813823245,
        0.9734935189565467, 0.9737647393466544, 0.9743289384728269,
        0.9760260945211621, 0.9795463806167719, 0.985164412595927,
        0.9926083910092057, 1.000855122798807, 1.0085756089472222,
        1.0148581356611128, 1.0195782777740086, 1.0227296431118837,
        1.0241708068407926, 1.0236809784010412, 1.0211469223745986,
        1.0167356560399143, 1.0111425022346525, 1.0052026408534427,
        0.9995641895360711, 0.994502406471029, 0.9900408767463102,
        0.9860289105256151, 0.9822142330215051, 0.9783735886557966,
        0.9742680865369157, 0.969929781869114, 0.9657207080571245,
        0.9622346240107049, 0.9598971206537286, 0.9588067628887222,
        0.9589494554470958, 0.9604177013711647, 0.9630924197409387,
        0.9666687174360657, 0.9707734571537409, 0.9749498032913881,
        0.9788517599422396, 0.9824193372947106, 0.9857990063567189,
        0.9890959193477946, 0.9924299953166301, 0.995770327568554,
        0.9991261409441061, 1.0023620623062786, 1.0053468285923453,
        1.007905350584475, 1.009959996060414, 1.0113957581123785,
        1.012101821649497, 1.0118865966416113, 1.0106542077474383,
        1.008409554669063, 1.0053499611662644, 1.001890758816562,
        0.9984682807125518, 0.9953896519957324, 0.9928324490067378,
        0.991062112713544, 0.9904045312636136, 0.9912761476929959,
        0.9938497095430447, 0.9981377003521492, 1.0039164667787197,
        1.0109263861670719, 1.0188874898758387, 1.0274013701203766,
        1.0361556159883174, 1.0449961500361669, 1.0537618200448784,
        1.0623300915120077, 1.0705777855674075, 1.0784823857015113,
        1.0861596380902772, 1.0937987321935678, 1.1015664077037732,
        1.1093412520325643, 1.116902385092835, 1.1238167398149634,
        1.129618234637127, 1.1337228785388596, 1.1356396860992668,
        1.1349668846214591, 1.1313879210454718, 1.1246276586759907,
        1.1144092419618103, 1.1006188462441915, 1.0836343898284628,
        1.0643834759239563, 1.044174155031494, 1.0243232275627436,
        1.0059156417150885, 0.9896633242728538, 0.9758303109026889,
        0.964418700351342, 0.9552592999609555, 0.9481105318768607,
        0.9426551683870136, 0.9384635690930155, 0.9350342898725175,
        0.9320435902167997, 0.9294661380054433, 0.9274048200650044,
        0.926132190695, 0.9260465332541643, 0.9273745403980889,
        0.9302456835019093, 0.9346959529651484, 0.9407282274583961,
        0.9482354544795819, 0.9569119948210618, 0.9662762721912569,
        0.9757410168184195, 0.984751847939891, 0.9927587577176158,
        0.9996002866841683, 1.0054690473713888, 1.0107819029149494,
        1.0158988564620568, 1.02100723795446, 1.0262097816530948,
        1.0315897801382594, 1.0372413781388858, 1.0433697767001289,
        1.0502019880966806, 1.0578882488716297, 1.0664099987421738,
        1.0756122340020509, 1.0852803154521546, 1.0951346646233584,
        1.1047626525693104, 1.113815304082349, 1.1220437234573315,
        1.1293782406264519, 1.1359337010927766, 1.1417049270711124,
        1.1466217742110918, 1.1504956344177422, 1.1531024723412486,
        1.1542673601237867, 1.1540392856671517, 1.152553698015484,
        1.1499367174632404, 1.1464430551579856, 1.142591983419803,
        1.139044746414673, 1.1362394661679802, 1.1344280371216215,
        1.1334679851912064, 1.1328179225789692, 1.1316868087911904,
        1.1296001873214747, 1.1264081681321063, 1.1222262638011506,
        1.117463997302243, 1.1127099968675178, 1.1084333381235645,
        1.1047544978100088, 1.1017186144929632, 1.0991657968763637,
        1.0968912023315989, 1.0945137779033887, 1.0915084007534666,
        1.087321328130183, 1.0815170151325797, 1.073708381619815,
        1.0636190847350113, 1.0512293630717886, 1.0366484255231476,
        1.0202085268108394, 1.0026582499900665, 0.9847780848505072,
        0.9672604679379633, 0.9506341946157479, 0.9351756207299792,
        0.9209258786726094, 0.9077722018187663, 0.8955894301782682,
        0.884168012722594, 0.8732218445459285, 0.8624992343683937,
        0.8519358914822952, 0.8414849593203346, 0.831414813378032,
        0.8222457349495703, 0.8146237899772838, 0.8090051962219995,
        0.8055726230913438, 0.8042039087602763, 0.8044591574028713,
        0.8058545808217042, 0.8080654923783661, 0.8108918147727414,
        0.8140293420474355, 0.8173331753029243, 0.8206985990255674,
        0.8242047652071799, 0.8280400965013154, 0.8322938663743348,
        0.8368927658299793, 0.841805673195936, 0.84700546176027,
        0.8525622787632952, 0.8584474421604963, 0.8644846584763453,
        0.870433094711337, 0.8761597773782127, 0.8817536423507549,
        0.8874165302252772, 0.8933861848584156, 0.8998033420232883,
        0.9066593714852876, 0.9137486452469558, 0.9208152350378692,
        0.9275959997337224, 0.9338965936500832, 0.9396149876453403,
        0.9449581356735024, 0.9502234352372265, 0.9555495990922083,
        0.9607302644525918, 0.9655493064831593, 0.9699990741845803,
        0.9742749593183136, 0.9785803190390825, 0.983055195903691,
        0.9877248328743792, 0.9926130972180501, 0.9977703790776737,
        1.0030646363897922, 1.0083732198056292, 1.0135693558945968,
        1.0184584471295133, 1.0229648679505818, 1.0270034137751864,
        1.030319264191864, 1.0325880185003884, 1.0337868769749612,
        1.0343895157349157, 1.034809486949977, 1.0352247111390382,
        1.0355518092731961, 1.035553540914997, 1.0350161568288185,
        1.03381930393487, 1.0319597829723834, 1.0295489377379936,
        1.0267170677408646, 1.0235342729411367, 1.0201021763489013,
        1.016455031941006, 1.0126716066098267, 1.0086991014975304,
        1.0043771282297824, 0.9995728838057113, 0.9942477465080842,
        0.9883241435764897, 0.9819137390954489, 0.9753805987701298,
        0.9692981579272826, 0.964197642752633, 0.9605408660047544,
        0.9587019295797009, 0.9587976476423742, 0.9605282282455451,
        0.9633528013691306, 0.9666934973563325, 0.9700579656325304,
        0.9735747780208941, 0.9757205728464134, 0.9774420059275576,
        0.9791081999490476, 0.980858555687449, 0.9827577138102467,
        0.9848459745456287, 0.9871407700019111, 0.9896365234882593,
        0.9923068583487671, 0.9951116384868687, 0.9980007351556534,
        1.0009151362600903, 1.003797224973694, 1.00660656614501,
        1.0093170366359558, 1.0119197437250793, 1.0144222353763932,
      ],
      type: "scatter",
      mode: "lines",
      name: "Buzz Drilldrin",
      marker: { color: colors[0] },
    },
    {
      x: [
        300, 350, 400, 450, 500, 550, 600, 650, 700, 750, 800, 850, 900, 950,
        1000, 1050, 1100, 1150, 1200, 1250, 1300, 1350, 1400, 1450, 1500, 1550,
        1600, 1650, 1700, 1750, 1800, 1850, 1900, 1950, 2000, 2050, 2100, 2150,
        2200, 2250, 2300, 2350, 2400, 2450, 2500, 2550, 2600, 2650, 2700, 2750,
        2800, 2850, 2900, 2950, 3000, 3050, 3100, 3150, 3200, 3250, 3300, 3350,
        3400, 3450, 3500, 3550, 3600, 3650, 3700, 3750, 3800, 3850, 3900, 3950,
        4000, 4050, 4100, 4150, 4200, 4250, 4300, 4350, 4400, 4450, 4500, 4550,
        4600, 4650, 4700, 4750, 4800, 4850, 4900, 4950, 5000, 5050, 5100, 5150,
        5200, 5250, 5300, 5350, 5400, 5450, 5500, 5550, 5600, 5650, 5700, 5750,
        5800, 5850, 5900, 5950, 6000, 6050, 6100, 6150, 6200, 6250, 6300, 6350,
        6400, 6450, 6500, 6550, 6600, 6650, 6700, 6750, 6800, 6850, 6900, 6950,
        7000, 7050, 7100, 7150, 7200, 7250, 7300, 7350, 7400, 7450, 7500, 7550,
        7600, 7650, 7700, 7750, 7800, 7850, 7900, 7950, 8000, 8050, 8100, 8150,
        8200, 8250, 8300, 8350, 8400, 8450, 8500, 8550, 8600, 8650, 8700, 8750,
        8800, 8850, 8900, 8950, 9000, 9050, 9100, 9150, 9200, 9250, 9300, 9350,
        9400, 9450, 9500, 9550, 9600, 9650, 9700, 9750, 9800, 9850, 9900, 9950,
        10000, 10050, 10100, 10150, 10200, 10250, 10300, 10350, 10400, 10450,
        10500, 10550, 10600, 10650, 10700, 10750, 10800, 10850, 10900, 10950,
        11000, 11050, 11100, 11150, 11200, 11250, 11300, 11350, 11400, 11450,
        11500, 11550, 11600, 11650, 11700, 11750, 11800, 11850, 11900, 11950,
        12000, 12050, 12100, 12150, 12200, 12250, 12300, 12350, 12400, 12450,
        12500, 12550, 12600, 12650, 12700, 12750, 12800, 12850, 12900, 12950,
        13000, 13050, 13100, 13150, 13200, 13250, 13300, 13350, 13400, 13450,
        13500, 13550, 13600, 13650, 13700, 13750, 13800, 13850, 13900, 13950,
        14000, 14050, 14100, 14150, 14200, 14250, 14300, 14350, 14400, 14450,
        14500, 14550, 14600, 14650, 14700, 14750, 14800, 14850, 14900, 14950,
        15000, 15050, 15100, 15150, 15200, 15250, 15300, 15350, 15400, 15450,
        15500, 15550, 15600, 15650, 15700, 15750, 15800, 15850, 15900, 15950,
        16000, 16050, 16100, 16150, 16200, 16250, 16300, 16350, 16400, 16450,
        16500, 16550, 16600, 16650, 16700, 16750, 16800, 16850, 16900, 16950,
        17000, 17050, 17100, 17150, 17200, 17250, 17300, 17350, 17400, 17450,
        17500, 17550, 17600, 17650, 17700, 17750, 17800, 17850, 17900, 17950,
        18000, 18050, 18100, 18150, 18200, 18250, 18300, 18350, 18400, 18450,
        18500, 18550, 18600, 18650, 18700, 18750, 18800, 18850, 18900, 18950,
        19000,
      ],
      y: [
        1.0515512739463209, 1.048030173019831, 1.044911395642163,
        1.0422331836546521, 1.0400335944537151, 1.0383483329328733,
        1.0372002919790924, 1.0365919159905594, 1.0365043373147969,
        1.0369025298219199, 1.0377272577953243, 1.0388982665360662,
        1.0403208152420633, 1.0418829517950652, 1.043450806625781,
        1.0448716024131843, 1.0460229395120384, 1.047071531838724,
        1.049210013797224, 1.0571562150637845, 1.065334114776174,
        1.073909652602476, 1.082909474652201, 1.0921941258937278,
        1.1016699960299443, 1.1111902799719475, 1.1205353209902997,
        1.1293715578209542, 1.1373667973814698, 1.144289902052925,
        1.1499165774162894, 1.1540203064744396, 1.1563106387047999,
        1.1565367535799909, 1.1547147603547514, 1.1512294323143624,
        1.1467496770426815, 1.1419571499821466, 1.1373957806946944,
        1.1334505285974281, 1.1304212935501676, 1.1287078657321117,
        1.1287429768799362, 1.1307284750521147, 1.1345752544134737,
        1.1397680817777198, 1.145635114464424, 1.151531980806463,
        1.1569246231114063, 1.1614533959444169, 1.1651029173650809,
        1.1680878045866954, 1.1706360107418228, 1.1729507440261235,
        1.1750484211208145, 1.1769504168212694, 1.1786061535304817,
        1.1801503869855328, 1.1817593262410868, 1.1834903482803827,
        1.1853436372839659, 1.1873369361252744, 1.1895433837779354,
        1.1919946751164778, 1.194593368957544, 1.1970815858001764,
        1.1992726599549743, 1.2013033365262307, 1.2033926117516172,
        1.2057412813481314, 1.2086051810259149, 1.2122302560980973,
        1.216836579502546, 1.2223773526513035, 1.2285932189438304,
        1.2349619451504157, 1.2413270042450344, 1.2478904176081107,
        1.2548199363696817, 1.2617554145687078, 1.2681715323447855,
        1.2736155144645105, 1.2778614169121294, 1.2808224226037934,
        1.2825753904586226, 1.2833911040244408, 1.2834763974340264,
        1.2826802048290213, 1.2808364788781168, 1.2782052892595122,
        1.2752454875649424, 1.2725401628994997, 1.2702838304201842,
        1.2682994982723301, 1.2659694747020693, 1.262487613002965,
        1.2572095538027284, 1.2498148021178392, 1.2405926291778493,
        1.2301949632153564, 1.2194079089815697, 1.2086775602507096,
        1.1980065099451815, 1.1872251268780067, 1.1761919261662692,
        1.164887285559161, 1.1535725969267994, 1.1425481218292561,
        1.1319323269305754, 1.121656965609943, 1.1117503873917522,
        1.1020818553649148, 1.0925247779364775, 1.083239078881957,
        1.074516995801708, 1.0667090459028803, 1.0601655802164316,
        1.055254513118269, 1.0521546294040949, 1.0507145697830662,
        1.0504510172358148, 1.0509705515483319, 1.0519159553948993,
        1.0529099030914641, 1.0536099956525447, 1.053836324858081,
        1.0537338115603576, 1.0537033382684877, 1.0541314215543873,
        1.0550914566781344, 1.0565392308971306, 1.0584369811105647,
        1.0608630454318144, 1.0636793249560204, 1.066489960564688,
        1.0688474155757441, 1.070559156688152, 1.071455400961062,
        1.071300469085666, 1.0698054814246787, 1.0669520316287169,
        1.0629267992242495, 1.0579850940311737, 1.0524300473357848,
        1.0463583699829107, 1.039680557725431, 1.0322624088337822,
        1.0241379825664525, 1.0153607254745824, 1.0060738768993398,
        0.9962297868667193, 0.9857718467125343, 0.9746105921053065,
        0.9627196670255161, 0.9500671445449472, 0.9366366287949667,
        0.9224236796313099, 0.9075716474846939, 0.8922725635477003,
        0.8766349909756428, 0.860761438140601, 0.8447248555293927,
        0.82872976444584, 0.8132163555700148, 0.798726438992521,
        0.78564875240743, 0.7743001787822722, 0.7649577814677517,
        0.7579435341076486, 0.7535384576935357, 0.7518436986102504,
        0.7527232770923611, 0.7558977914224267, 0.7611100542551295,
        0.7680413426921219, 0.7763944315461604, 0.7859228260638625,
        0.796293015149865, 0.8070892892329546, 0.8180544891527298,
        0.8291303668757914, 0.8402084995341554, 0.8511981275803945,
        0.8619867563256927, 0.8725425931211941, 0.8828772351533232,
        0.8928501433209123, 0.9021523087759515, 0.91035265921985,
        0.9170045065915156, 0.9217081420821325, 0.9241108648851892,
        0.9240091512565586, 0.9214004774172445, 0.9164264410735569,
        0.9093845962218814, 0.9007994179430108, 0.8913755933162356,
        0.8818426904043447, 0.873019090504883, 0.8655763853543093,
        0.8598131169988751, 0.8557608128696531, 0.8532472640403937,
        0.8520408818517704, 0.851779897436281, 0.8521367540621819,
        0.8528398586890861, 0.8535982680216813, 0.8542110793747774,
        0.8546415275528566, 0.8549151740538514, 0.855417850485813,
        0.8566191185302482, 0.8589255778882959, 0.8625838041657655,
        0.8677632355132673, 0.8745089175813926, 0.882780309912164,
        0.8924156875254733, 0.9031374828717686, 0.9145862389454792,
        0.9263059350631938, 0.9381819201804191, 0.9503643360066788,
        0.9631864189000141, 0.9769765744375646, 0.9917329664463951,
        1.0071900282185668, 1.0231157825578026, 1.0394820754848955,
        1.0562563141641519, 1.0732302923619934, 1.0900599554455364,
        1.1064471381338807, 1.122157687262443, 1.1370508214644541,
        1.1509382733164353, 1.163733367780959, 1.1756425277904874,
        1.187157357439259, 1.198678598787198, 1.2104575476900312,
        1.222557561822662, 1.2347562480993406, 1.2467897093619835,
        1.258612628115249, 1.2701868771602811, 1.2815017262348438,
        1.2924067509993562, 1.3027804472553024, 1.3124032551114255,
        1.3211656304973531, 1.3287532414654437, 1.3348676875956138,
        1.3396708236587376, 1.3432210904282351, 1.3454250700082806,
        1.3459850819031849, 1.3446550338536776, 1.341240610606821,
        1.3356055823853368, 1.3279493266149065, 1.3186908771964285,
        1.308003146245059, 1.295626465363959, 1.2813664319333666,
        1.265130017570171, 1.2468995633365982, 1.2269380678648634,
        1.2057455013386855, 1.1839629062124934, 1.1622943873833331,
        1.141290059387096, 1.1211686243118406, 1.1019061696685075,
        1.0833796083648515, 1.0654904117292348, 1.0482237002724257,
        1.0317939747799358, 1.0163913647305527, 1.0021437645355826,
        0.9891478080105992, 0.9774715602600642, 0.9671018815448214,
        0.9576876378190239, 0.9488773793969025, 0.940437032960495,
        0.9323286897698628, 0.924613833235483, 0.9174800417904659,
        0.9112388333250928, 0.9060792711408175, 0.9022386269862744,
        0.9001302770287256, 0.9002195728633278, 0.9028611385282255,
        0.9081845961080697, 0.9160570637224398, 0.9263117821399173,
        0.9387562543705045, 0.9531910353630547, 0.9693013327208652,
        0.9866033417354753, 1.0046755784734882, 1.023273515130492,
        1.0420310745985348, 1.0605599102542003, 1.078423767385198,
        1.0952472733814502, 1.1107304675685723, 1.124623327718802,
        1.1366923398281044, 1.1467348332804308, 1.154575753532008,
        1.1602726566437642, 1.1640319691909597, 1.1661336883810263,
        1.1668170638398327, 1.1662801985700877, 1.1646008714923657,
        1.1617413415151134, 1.1575473245526207, 1.1518074479833516,
        1.1443722909450436, 1.135208911678528, 1.1245048408609772,
        1.1127550612094752, 1.100384730006496, 1.0878375387741568,
        1.075677742933473, 1.0645451736511642, 1.0547519210223406,
        1.0462198688234703, 1.0387463128266081, 1.032154891779403,
        1.0262970662165076, 1.0210851043423048, 1.0163974384641108,
        1.0118569075789623, 1.0070641357862316, 1.0018253748279642,
        0.9959724892872158, 0.989435638787398, 0.9823528482576556,
        0.9749560211103372, 0.9676418278950158, 0.9608685461311945,
        0.9548655806408505, 0.9496105075530952, 0.9449398207051349,
        0.9407880191201597, 0.9371007041204072, 0.9336574961724583,
        0.9300150787549164, 0.9257175916119623, 0.9205241966778578,
        0.9135134313566529, 0.9071327376759479, 0.9012646741650897,
        0.8956876903865513, 0.890268492405409, 0.8849371770954847,
        0.8796592785802367, 0.8744102467369115, 0.8691649590693681,
        0.8639014742386436, 0.8586073128430682, 0.8532803203685306,
        0.8479187629296939, 0.8425222080700788, 0.8370971177308533,
        0.8316636929117399, 0.8262543367169314, 0.820893463958992,
      ],
      type: "scatter",
      mode: "lines",
      name: "AstroBit",
      marker: { color: colors[1] },
    },
    {
      x: [
        350, 400, 450, 500, 550, 600, 650, 700, 750, 800, 850, 900, 950, 1000,
        1050, 1100, 1150, 1200, 1250, 1300, 1350, 1400, 1450, 1500, 1550, 1600,
        1650, 1700, 1750, 1800, 1850, 1900, 1950, 2000, 2050, 2100, 2150, 2200,
        2250, 2300, 2350, 2400, 2450, 2500, 2550, 2600, 2650, 2700, 2750, 2800,
        2850, 2900, 2950, 3000, 3050, 3100, 3150, 3200, 3250, 3300, 3350, 3400,
        3450, 3500, 3550, 3600, 3650, 3700, 3750, 3800, 3850, 3900, 3950, 4000,
        4050, 4100, 4150, 4200, 4250, 4300, 4350, 4400, 4450, 4500, 4550, 4600,
        4650, 4700, 4750, 4800, 4850, 4900, 4950, 5000, 5050, 5100, 5150, 5200,
        5250, 5300, 5350, 5400, 5450, 5500, 5550, 5600, 5650, 5700, 5750, 5800,
        5850, 5900, 5950, 6000, 6050, 6100, 6150, 6200, 6250, 6300, 6350, 6400,
        6450, 6500, 6550, 6600, 6650, 6700, 6750, 6800, 6850, 6900, 6950, 7000,
        7050, 7100, 7150, 7200, 7250, 7300, 7350, 7400, 7450, 7500, 7550, 7600,
        7650, 7700, 7750, 7800, 7850, 7900, 7950, 8000, 8050, 8100, 8150, 8200,
        8250, 8300, 8350, 8400, 8450, 8500, 8550, 8600, 8650, 8700, 8750, 8800,
        8850, 8900, 8950, 9000, 9050, 9100, 9150, 9200, 9250, 9300, 9350, 9400,
        9450, 9500, 9550, 9600, 9650, 9700, 9750, 9800, 9850, 9900, 9950, 10000,
        10050, 10100, 10150, 10200, 10250, 10300, 10350, 10400, 10450, 10500,
        10550, 10600, 10650, 10700, 10750, 10800, 10850, 10900, 10950, 11000,
        11050, 11100, 11150, 11200, 11250, 11300, 11350, 11400, 11450, 11500,
        11550, 11600, 11650, 11700, 11750, 11800, 11850, 11900, 11950, 12000,
        12050, 12100, 12150, 12200, 12250, 12300, 12350, 12400, 12450, 12500,
        12550, 12600, 12650, 12700, 12750, 12800, 12850, 12900, 12950, 13000,
        13050, 13100, 13150, 13200, 13250, 13300, 13350, 13400, 13450, 13500,
        13550, 13600, 13650, 13700, 13750, 13800, 13850, 13900, 13950, 14000,
        14050, 14100, 14150, 14200, 14250, 14300, 14350, 14400, 14450, 14500,
        14550, 14600, 14650, 14700, 14750, 14800, 14850, 14900, 14950, 15000,
        15050, 15100, 15150, 15200, 15250, 15300, 15350, 15400, 15450, 15500,
        15550, 15600, 15650, 15700, 15750, 15800, 15850, 15900, 15950, 16000,
        16050, 16100, 16150, 16200, 16250, 16300, 16350, 16400, 16450, 16500,
        16550, 16600, 16650, 16700, 16750, 16800, 16850, 16900, 16950, 17000,
        17050, 17100, 17150, 17200, 17250, 17300, 17350, 17400, 17450, 17500,
        17550, 17600, 17650, 17700, 17750, 17800, 17850, 17900, 17950, 18000,
        18050, 18100, 18150, 18200, 18250, 18300, 18350, 18400, 18450, 18500,
        18550, 18600, 18650, 18700, 18750, 18800, 18850, 18900, 18950, 19000,
      ],
      y: [
        0.9242172311036154, 0.9264879029265983, 0.9291886789243219,
        0.9323380819147306, 0.935925334254681, 0.9399044460715321,
        0.9442021998805701, 0.9487324530940456, 0.953417689152837,
        0.9581951598959245, 0.9630154098996991, 0.9678394266918633,
        0.9726148856924238, 0.9772982564168601, 0.9818736294972198,
        0.9863564988750296, 0.9908450826170324, 0.9956407396807092,
        1.0016647506345913, 1.0088053604318283, 1.0164148705200682,
        1.0241177138824271, 1.0313316054968074, 1.0375739362490934,
        1.0426094183506511, 1.0464432656365565, 1.0490549149720436,
        1.0502026151759227, 1.0494224105791528, 1.046117439262328,
        1.040160569137745, 1.0318356303409209, 1.0216689132173005,
        1.0103218461328434, 0.9984294394563947, 0.98652873475149,
        0.9749690291860134, 0.9637481009627696, 0.9528490439396564,
        0.942434914704796, 0.9328262085462095, 0.9242724868836341,
        0.9169541802403612, 0.9109287924937154, 0.9058751086197352,
        0.9012015336405742, 0.89630894080382, 0.8909056649825318,
        0.8850087403292289, 0.8786169845841476, 0.8717052062192628,
        0.8642641384110425, 0.856209038729999, 0.8475299925785478,
        0.8383866163663138, 0.8288825328010901, 0.8190552367106922,
        0.8089541612150783, 0.798697291748352, 0.7883760958794601,
        0.7780354962648979, 0.7677713524457388, 0.757706143361999,
        0.7480436181279302, 0.7389232670455708, 0.7306159873276278,
        0.7233104443081084, 0.7170461213452106, 0.7119191494390275,
        0.7081447870352245, 0.7063372026324913, 0.7071742919464866,
        0.7108768176807231, 0.7171354107666243, 0.7253552546950433,
        0.7348658021631798, 0.7451977468476307, 0.7562905601445282,
        0.7682003319262575, 0.7811138777983488, 0.7954914492309768,
        0.8115604999061661, 0.829411116264109, 0.8493489564013343,
        0.8714714389998764, 0.8954808009445008, 0.9198095926346143,
        0.9421153644906513, 0.9610591774734719, 0.9770501357173834,
        0.9911272959564192, 1.0037305061890214, 1.0146528419977139,
        1.0236265870283483, 1.030509112222496, 1.0352374288032735,
        1.0377470591796436, 1.0381517151657362, 1.0365274914805809,
        1.0336023256643792, 1.0304116505663894, 1.0277900073544444,
        1.0245104753229544, 1.0166625350507141, 0.9999855298866249,
        0.9742931348084974, 0.9428276919572612, 0.9094345051260898,
        0.8776871945008786, 0.849652069224866, 0.8255826034444139,
        0.805001420596066, 0.7872059636587689, 0.7716659992338005,
        0.7580031061105749, 0.7458907356853169, 0.7355086883810935,
        0.7272720230744127, 0.7214679383490855, 0.718485706652433,
        0.7181955195727865, 0.7201352961326882, 0.723811484419327,
        0.728940893484185, 0.7355091008390758, 0.7433062338801959,
        0.7520315265866078, 0.7615882403829808, 0.7718546060581476,
        0.782583760086987, 0.7934783257213681, 0.8042108629916769,
        0.8145231664373789, 0.8243341501879856, 0.8337117865508322,
        0.8428696304188759, 0.8520722140463828, 0.861490163064338,
        0.8712793381890584, 0.8816705425419882, 0.8928700816585919,
        0.9048376277447193, 0.9172929673241976, 0.9297305218568028,
        0.9415426089269354, 0.952146866011538, 0.9610230816858928,
        0.9679400989263767, 0.9729166385633764, 0.9762090462069033,
        0.978254961552888, 0.9795820411737834, 0.9808263571218498,
        0.9826171481796429, 0.9854244179773203, 0.9895518202792525,
        0.9952288598216501, 1.0024925492843506, 1.010983637241662,
        1.0202468220891847, 1.0299481310090288, 1.0400226988180108,
        1.050516334651285, 1.0616364477303895, 1.0735742245029425,
        1.0865336190065917, 1.1007013404150334, 1.1161058933202632,
        1.13257646684787, 1.149821780096682, 1.167249440169156,
        1.183980912073779, 1.1990854260538382, 1.2117572313423388,
        1.2214426564144738, 1.2277544401973015, 1.230576256576217,
        1.2299931158454005, 1.226261622991222, 1.21977745317957,
        1.2109986177701226, 1.2004177051829317, 1.188541126835397,
        1.1758046802912079, 1.1626336457276587, 1.1493370192044643,
        1.1359198244001747, 1.1219859659459248, 1.1070393913673267,
        1.0910652626902984, 1.0744981383502337, 1.0580222028422648,
        1.042408536824078, 1.0286816817294167, 1.0177010874109451,
        1.0097541747285896, 1.0049589421038956, 1.0035321576521523,
        1.0056067080504978, 1.011194305765934, 1.0201276217200965,
        1.0321540666887536, 1.0467980075635046, 1.0633040196284562,
        1.0809595561821952, 1.0993039419928596, 1.118093236721116,
        1.1368785299182964, 1.1549745438446377, 1.1717296223987814,
        1.1868512567935599, 1.2003697163936107, 1.21233674694406,
        1.2226972144832093, 1.2313123823328507, 1.238044328695404,
        1.2426916939720662, 1.245056089985675, 1.2450306836820817,
        1.2426498534443668, 1.2382424076043526, 1.232467211305618,
        1.2261015704342826, 1.219836582281653, 1.2141622722043448,
        1.209282215611916, 1.2050264613876787, 1.2010885012252848,
        1.197367813874452, 1.1940289624712983, 1.191398646902842,
        1.1895395023324176, 1.188236453522817, 1.1871357833448055,
        1.1860012410261365, 1.1848936068206886, 1.1838711170755083,
        1.182966950563405, 1.1822350425575683, 1.1814957946455336,
        1.1804822201550886, 1.1791685082589236, 1.177762543900437,
        1.1761757626356333, 1.1741870376728163, 1.171659590876481,
        1.168617605596871, 1.1650846523446357, 1.1610318021807742,
        1.1564319906692961, 1.1514416970169472, 1.146339912918286,
        1.141530056602456, 1.13746468993318, 1.1344788245286173,
        1.1326810718134819, 1.1319296141789539, 1.1320298913066893,
        1.1327516240864928, 1.1337721910046863, 1.1347633429929658,
        1.1356294381508334, 1.1365613915191173, 1.137742784829101,
        1.1390394937806008, 1.1401673566658936, 1.140926693739097,
        1.141226029472782, 1.141063156831207, 1.140474247235836,
        1.1394426597928053, 1.137998078546119, 1.1361570944060708,
        1.1338684289840237, 1.1310394539281061, 1.1274377999165546,
        1.1227313351579877, 1.1167649509424442, 1.1097550322486185,
        1.1019709378505418, 1.0937168314487582, 1.0852981696615376,
        1.0769957335840683, 1.0688938850534377, 1.060915592366476,
        1.0529336701049454, 1.0448475456027941, 1.0363870232955368,
        1.027244987670303, 1.0173545542137903, 1.0067570543354252,
        0.9955086565130917, 0.983734142714107, 0.9717208687250906,
        0.9599144746203506, 0.9487212259292517, 0.9385281678063482,
        0.9295553530541271, 0.9217956086527838, 0.9150933595185011,
        0.9094855986011194, 0.9050099066007581, 0.9015695724009815,
        0.8988532507518515, 0.8966175776819099, 0.8947628967928428,
        0.8933205276141731, 0.892288885982049, 0.8916699032459727,
        0.8915432926434372, 0.8921057453916643, 0.893536577451676,
        0.8957679157692515, 0.8984703596439612, 0.9011803579084355,
        0.9034086961587295, 0.9047417393523581, 0.9050695931022917,
        0.9046603926992786, 0.903982888051941, 0.9035013147867443,
        0.9035819710151838, 0.9043564288829964, 0.9056706956130441,
        0.9073530233156638, 0.9095272982430487, 0.9124092379223803,
        0.9159836251953648, 0.9202093031292964, 0.9249951678130223,
        0.9302720923286054, 0.9357638443892631, 0.9412809992946397,
        0.9467585154810602, 0.9522235944301787, 0.9578384677372117,
        0.9638770190394323, 0.9705680074055242, 0.9780595874757296,
        0.9863077452944693, 0.9950874185095292, 1.0039815920975914,
        1.0125006814012953, 1.020085968302597, 1.026288450290352,
        1.0309416848821906, 1.034069110097108, 1.035759802452734,
        1.0361518175143771, 1.0354959389767806, 1.034039783626573,
        1.0320195389968745, 1.0296061106527399, 1.0269678286772366,
        1.0242417135554645, 1.021625670096889, 1.0198027163220829,
        1.019622021675068, 1.0200688036770753, 1.020666605441297,
        1.0212431870038166, 1.0217483325801577, 1.0221775300330154,
        1.0225373549831742, 1.0228360357045347, 1.0230912358450945,
        1.0233328983389656, 1.0235950663291378, 1.0239169244684292,
        1.02434620171144, 1.0249348828300788, 1.0257201418265356,
        1.0267175603396321, 1.0279231097434924,
      ],
      type: "scatter",
      mode: "lines",
      name: "ChallengDriller",
      marker: { color: colors[2] },
    },
    {
      x: [
        300, 350, 400, 450, 500, 550, 600, 650, 700, 750, 800, 850, 900, 950,
        1000, 1050, 1100, 1150, 1200, 1250, 1300, 1350, 1400, 1450, 1500, 1550,
        1600, 1650, 1700, 1750, 1800, 1850, 1900, 1950, 2000, 2050, 2100, 2150,
        2200, 2250, 2300, 2350, 2400, 2450, 2500, 2550, 2600, 2650, 2700, 2750,
        2800, 2850, 2900, 2950, 3000, 3050, 3100, 3150, 3200, 3250, 3300, 3350,
        3400, 3450, 3500, 3550, 3600, 3650, 3700, 3750, 3800, 3850, 3900, 3950,
        4000, 4050, 4100, 4150, 4200, 4250, 4300, 4350, 4400, 4450, 4500, 4550,
        4600, 4650, 4700, 4750, 4800, 4850, 4900, 4950, 5000, 5050, 5100, 5150,
        5200, 5250, 5300, 5350, 5400, 5450, 5500, 5550, 5600, 5650, 5700, 5750,
        5800, 5850, 5900, 5950, 6000, 6050, 6100, 6150, 6200, 6250, 6300, 6350,
        6400, 6450, 6500, 6550, 6600, 6650, 6700, 6750, 6800, 6850, 6900, 6950,
        7000, 7050, 7100, 7150, 7200, 7250, 7300, 7350, 7400, 7450, 7500, 7550,
        7600, 7650, 7700, 7750, 7800, 7850, 7900, 7950, 8000, 8050, 8100, 8150,
        8200, 8250, 8300, 8350, 8400, 8450, 8500, 8550, 8600, 8650, 8700, 8750,
        8800, 8850, 8900, 8950, 9000, 9050, 9100, 9150, 9200, 9250, 9300, 9350,
        9400, 9450, 9500, 9550, 9600, 9650, 9700, 9750, 9800, 9850, 9900, 9950,
        10000, 10050, 10100, 10150, 10200, 10250, 10300, 10350, 10400, 10450,
        10500, 10550, 10600, 10650, 10700, 10750, 10800, 10850, 10900, 10950,
        11000, 11050, 11100, 11150, 11200, 11250, 11300, 11350, 11400, 11450,
        11500, 11550, 11600, 11650, 11700, 11750, 11800, 11850, 11900, 11950,
        12000, 12050, 12100, 12150, 12200, 12250, 12300, 12350, 12400, 12450,
        12500, 12550, 12600, 12650, 12700, 12750, 12800, 12850, 12900, 12950,
        13000, 13050, 13100, 13150, 13200, 13250, 13300, 13350, 13400, 13450,
        13500, 13550, 13600, 13650, 13700, 13750, 13800, 13850, 13900, 13950,
        14000, 14050, 14100, 14150, 14200, 14250, 14300, 14350, 14400, 14450,
        14500, 14550, 14600, 14650, 14700, 14750, 14800, 14850, 14900, 14950,
        15000, 15050, 15100, 15150, 15200, 15250, 15300, 15350, 15400, 15450,
        15500, 15550, 15600, 15650, 15700, 15750, 15800, 15850, 15900, 15950,
        16000, 16050, 16100, 16150, 16200, 16250, 16300, 16350, 16400, 16450,
        16500, 16550, 16600, 16650, 16700, 16750, 16800, 16850, 16900, 16950,
        17000, 17050, 17100, 17150, 17200, 17250, 17300, 17350, 17400, 17450,
        17500, 17550, 17600, 17650, 17700, 17750, 17800, 17850, 17900, 17950,
        18000, 18050, 18100, 18150, 18200, 18250, 18300, 18350, 18400, 18450,
        18500, 18550, 18600, 18650, 18700, 18750, 18800, 18850, 18900, 18950,
        19000,
      ],
      y: [
        1.049705733072547, 1.0459254155739783, 1.0421645697667696,
        1.0384253590090553, 1.0347110759010443, 1.0310323576033291,
        1.027402631846549, 1.0238299449500805, 1.0203229323973786,
        1.0168964723286518, 1.013567571753586, 1.0103535265034047,
        1.007261488549264, 1.0042888796945408, 1.0014147605565735,
        0.9986021738718989, 0.9957767763220156, 0.9928181886471728,
        0.9895001478365041, 0.9856681167511543, 0.9815241496633168,
        0.9772660402705278, 0.973170039802057, 0.9694024240110388,
        0.9661017226103894, 0.9634488156918967, 0.9616610830924804,
        0.9607435151713599, 0.9604960327934332, 0.9603903734822407,
        0.9599027752321045, 0.9586338277684638, 0.9564204582933801,
        0.9533108809339648, 0.949676529472627, 0.9460526765061401,
        0.9428350712240544, 0.9401167313082133, 0.9377414549677068,
        0.9353484985404564, 0.932741179936613, 0.929955611011142,
        0.9271702462796675, 0.9245967075084219, 0.9221683190060044,
        0.9194409109234695, 0.9158232930160305, 0.9108338736943354,
        0.9041811736864388, 0.8957447771760592, 0.8856276912230011,
        0.8742078748295933, 0.8622772668198455, 0.8506780796719066,
        0.8401211419796841, 0.8310809774291086, 0.8237073221060577,
        0.8177815888787877, 0.812934701712603, 0.8088529188036659,
        0.8053475721377757, 0.802189730382044, 0.7992600607842326,
        0.796807843287378, 0.7954193178790611, 0.7954773186250662,
        0.7972178003194829, 0.8008337205207678, 0.8063485454312604,
        0.8137372778749843, 0.8230236220653021, 0.8340164242706243,
        0.8462537394278715, 0.8587853998786511, 0.8703486524779614,
        0.8800361347558008, 0.8876981802658347, 0.8940467946866648,
        0.8999143573552362, 0.9059628280270892, 0.9122135388977499,
        0.9181915598415127, 0.9233039830492861, 0.9273356343267081,
        0.9306247833516215, 0.933540024868618, 0.9364093285911799,
        0.9393067441160136, 0.9420668646308467, 0.9446286602416081,
        0.9469855458853124, 0.9493469513900531, 0.9521650749372985,
        0.9558358895261562, 0.9604815985813961, 0.9660492545589919,
        0.9724424553941471, 0.9794535291335276, 0.9865483364574233,
        0.9933058458008103, 0.9997262448323663, 1.0057749985496152,
        1.0112010680628598, 1.0157457649725226, 1.0191525766342093,
        1.0212975610018473, 1.022510896725309, 1.0231440878642863,
        1.0234322509432499, 1.0233312042931486, 1.0225891194082668,
        1.0211120643865432, 1.0189177268584833, 1.0161395152196144,
        1.0129817049134215, 1.0098800625079882, 1.0072574333883941,
        1.0053836117092032, 1.0041324872226365, 1.0031445026971948,
        1.002062760985677, 1.0006498847344543, 0.998684741960485,
        0.9959882746207026, 0.9923533417140199, 0.9876349578502225,
        0.9818652293826065, 0.9753360236310434, 0.9683802253557562,
        0.9611980048581139, 0.9538588937001873, 0.9463629925700949,
        0.9386436410202407, 0.9305167395327898, 0.9217835663531488,
        0.9121790020580408, 0.9015567291380171, 0.8899871577159228,
        0.8776912669422453, 0.8648673760292682, 0.8516899764897272,
        0.8383909703401646, 0.8252479675747985, 0.8125217018925522,
        0.8004478822781925, 0.7890611802812914, 0.7783270758298751,
        0.7683287335093586, 0.7592775772217958, 0.7513883995625646,
        0.7449167896956594, 0.7401276528968515, 0.7372630203444712,
        0.7366381571938032, 0.7383723472361742, 0.7423692273802752,
        0.7483996632154157, 0.7562754570761626, 0.7657285528108627,
        0.7762176018606907, 0.7871825452953567, 0.7981408253762787,
        0.8088227121132412, 0.8193058874439708, 0.8297653908298552,
        0.8402801143180695, 0.8510346256652161, 0.862342776024865,
        0.8743756901018296, 0.8872275038564711, 0.9009792239591746,
        0.915477537245171, 0.9302999952876266, 0.9448893749567694,
        0.9588085187494336, 0.9717448837461446, 0.9833783605989744,
        0.9936283683927223, 1.002485111975765, 1.0100004037052983,
        1.0163327840053475, 1.0216857202579255, 1.026213985712555,
        1.0301004623452783, 1.0336637992061848, 1.0371814129427692,
        1.0408322327439767, 1.0445223881926342, 1.0481799281570736,
        1.0517855347888263, 1.0551335012508982, 1.0580033975420233,
        1.060198494787417, 1.0614520957924778, 1.0615670161236799,
        1.060516903816975, 1.058354735712293, 1.0549129392336485,
        1.050041562318534, 1.0438357672374052, 1.036215038869834,
        1.0268769655743122, 1.0155432329570475, 1.0021599199089013,
        0.986697971082534, 0.9692534351254325, 0.9501311652552649,
        0.9297185822296218, 0.9083438636836582, 0.8860519450836333,
        0.862633324495604, 0.8378320930064491, 0.8116214700479133,
        0.7841734807691115, 0.7557481856078218, 0.7266871855726771,
        0.6974190753801086, 0.6684665122488157, 0.6402918308202802,
        0.613120507315701, 0.5871132241614105, 0.5626214065705015,
        0.5401632729248651, 0.5200523768317503, 0.5025253305729932,
        0.4878943100808168, 0.47632603816563995, 0.46785218990618727,
        0.4622779583840804, 0.4591737332120311, 0.458117982358507,
        0.45885410667225, 0.4611737063241189, 0.4646458604589438,
        0.4689359325944737, 0.4739299605327339, 0.4795552950807834,
        0.48555211175224183, 0.4916442379410448, 0.4976956319898343,
        0.503649604842494, 0.5096305354691449, 0.5159759717366562,
        0.5230330001696027, 0.5309495466714478, 0.5397095161590398,
        0.5493129573206299, 0.5597351725011149, 0.5708705816246558,
        0.5824952841777109, 0.5945182515464006, 0.6069308101224749,
        0.619791213825764, 0.6332269315790867, 0.6474113192822486,
        0.6624798715738535, 0.6784426100198687, 0.6952377413612509,
        0.7128672479976635, 0.7312898928507744, 0.7502525112790768,
        0.769477864915866, 0.7889406215300602, 0.8087719135044308,
        0.8290923340096579, 0.8498120751749556, 0.8707058202685913,
        0.8913824205915869, 0.9113519977837005, 0.9301959578756348,
        0.9476469087567345, 0.9635784172485183, 0.9779866482972804,
        0.9910568625738464, 1.0030778677915937, 1.014234203103523,
        1.0244859636620969, 1.0336938212143443, 1.0418890383679442,
        1.0493702558647469, 1.0562991917671367, 1.0626457420650965,
        1.068350300431727, 1.073569200450545, 1.0785878354062164,
        1.083671667264137, 1.0890980067702718, 1.0950001267341516,
        1.1013381668999052, 1.1079799387212352, 1.1149122620813818,
        1.1222307913596656, 1.1299210192741695, 1.1378166049190992,
        1.1457182574714955, 1.1534269474433676, 1.1606223809424154,
        1.1669715816909725, 1.1722412229000478, 1.1762175306890914,
        1.1787556873282434, 1.1799389871198742, 1.1799531533654353,
        1.1790104315184409, 1.1771956088843274, 1.1745196005752785,
        1.1711638243770983, 1.1673526707512094, 1.1632081230116726,
        1.1588781558431989, 1.154481821215655, 1.1499211710063015,
        1.1451473818490694, 1.1401879721004704, 1.1351454856819263,
        1.1301112026174747, 1.1251802588012392, 1.1206004858042375,
        1.1167301893782897, 1.1138984513449104, 1.112304984865327,
        1.1117947838250672, 1.1121302610379369, 1.1129123532771508,
        1.1135950971412019, 1.1136622914660221, 1.1128176139166033,
        1.110914406668731, 1.1078797867705665, 1.1039378616430273,
        1.0993850855221585, 1.0944958688603617, 1.0892657362197533,
        1.0838371548363, 1.078506780471351, 1.0736420638238549,
        1.0694861147636463, 1.06625662645061, 1.0640548743695717,
        1.062885645530634, 1.0625723885525893, 1.0627964020755125,
        1.0632167455486743, 1.0635399203471398, 1.0635523669302451,
        1.0633797714030824, 1.063402366160773, 1.0637131307292473,
        1.064287561518251, 1.0651130547365564, 1.0663248141573054,
        1.0680187885464238, 1.070089576664869, 1.0721749903659872,
        1.0738848678976867, 1.0749421137680868, 1.0752311513920212,
        1.073344880333824, 1.071886591407901, 1.0704441286621287,
        1.0688801817825475, 1.0671860058992177, 1.0653929359645684,
        1.0635325673993072, 1.0616319265826843, 1.059721561776985,
        1.0578271712043295, 1.0559716855774899, 1.0541759927265533,
        1.0524545523409499, 1.050816358201926, 1.0492785432720004,
        1.0478609917259067, 1.0465713784091797, 1.0454010998304302,
      ],
      type: "scatter",
      mode: "lines",
      name: "Apollo",
      marker: { color: colors[3] },
    },
  ];
  return (
    <Plot
      data={datas}
      layout={{
        width: "90%",
        height: "500px",
        title: "Depth By RoP",
        paper_bgcolor: "#2B2B2B",
        plot_bgcolor: "#2B2B2B",
        font: {
          color: "#f5f2f2",
        },
        newshape: {
          line: {
            color: "#FFFFFF",
          },
        },
      }}
    />
  );
}
export default CheapGraph;
